90453   55461   41662   52948   35008   
10799   43907   25773   28864   18860   
8423    59894   85759   1752    83680   
28983   19700   23650   37032   39564   
2885    13941   17984   20567   86128   
84227   66425   78577   60785   43247   
34016   92355   9144    2080    70952   
16282   38716   78801   58467   53505   
57631   82271   9385    51306   50720   
40910   18993   59331   78268   47437   
16282   38716   78801   58467   53505   
5391    6643    53867   52328   24675   
65608   69746   17070   89053   13288   
32257   56155   24708   49841   54029   
22692   26685   8109    42543   76473   
54730   57758   31225   22010   95011   
42694   95642   56079   40923   43623   
16264   44415   93484   36073   71768   
89373   59260   78976   46303   83756   
77041   15012   21062   98134   3889    
72904   71048   74120   21791   95047   
49747   98747   99323   89708   77675   
91527   51781   75098   13786   74651   
37570   29453   54568   5192    29778   
96566   26295   12976   34674   84679   
64868   54990   63673   91645   83638   
74276   13523   90196   46936   76493   
89316   37143   68310   48963   71346   
36363   64162   32291   49591   2711    
93660   46295   33325   70321   37193   
73302   21174   58242   44425   49882   
82276   48094   55219   94750   65771   
1819    27350   7765    34640   52807   
19251   39697   16702   98038   16016   
68664   57534   22018   35185   48277   
14447   73852   30194   7152    69887   
51300   75755   16562   18548   34436   
75221   24446   42911   27117   42798   
26925   1810    75147   62335   24913   
61168   63574   93210   38200   46570   
53913   46789   58477   93438   61845   
93239   99216   8940    10521   52653   
97120   94119   15809   68711   21888   
1250    1175    42007   10528   55499   
88177   52637   34053   39699   37829   
32830   36527   52248   38627   50321   
35225   51790   63303   80755   1763    
8398    32226   60808   47449   47640   
91290   88876   54284   88577   89542   
70820   87161   44849   42544   70564   
76784   42264   23680   12113   25773   
71024   40115   20738   63456   84340   
93920   34078   82840   56273   55820   
47793   39700   54106   62572   7087    
97731   30513   79826   10553   41822   
62491   61947   78158   58207   69878   
68475   61701   22311   52623   64525   
13621   19171   50621   96849   19895   
17704   80756   86418   90499   40937   
42848   66184   819     4736    69478   
91290   88876   54284   88577   89542   
42694   95642   56079   40923   43623   
72745   65456   40578   76781   35317   
44842   73582   83285   66894   82855   
15134   17530   3348    37094   43202   
71937   54873   24540   86056   24884   
21858   52559   29465   23000   41771   
47553   57800   27149   81624   90008   
23217   12158   75557   27585   38024   
4192    99721   8782    55320   53018   
14457   59471   49768   63903   95830   
69626   35223   50401   51294   8760    
26927   25271   74807   51206   77263   
73921   1010    53641   63424   31939   
93314   69218   43399   8273    56603   
62436   16864   55324   49457   18212   
44514   84838   54690   95300   44297   
65019   75157   46734   6125    49540   
80576   4871    4032    26546   12652   
63520   69549   88147   64095   17386   
71024   40115   20738   63456   84340   
76380   17596   78484   51646   27568   
53913   46789   58477   93438   61845   
3564    78711   3436    10631   29419   
34016   92355   9144    2080    70952   
44081   98893   35709   91840   12607   
65808   87588   28302   86701   93283   
8311    99142   19870   68496   92242   
64607   68315   3575    26462   47914   
98186   34647   2930    43327   30887   
25734   8514    22757   29715   96354   
1940    50305   76811   38348   22185   
4846    96510   55123   53381   39110   
21125   91544   16984   72126   54340   
20301   57036   47999   6885    169     
1656    56157   47418   30164   22180   
65456   83487   3536    13254   42785   
98961   95191   30776   98033   77727   
47793   39700   54106   62572   7087    
26018   41060   43631   73506   50337   
6057    14199   64587   48120   86067   
36852   13441   31879   22858   26035   
74843   17973   42084   29687   50623   
48268   5134    22223   13249   8600    
40910   18993   59331   78268   47437   
50761   61247   87638   487     37398   
2629    61069   82338   99428   56974   
1250    1175    42007   10528   55499   
60853   96016   55985   60292   81358   
67337   50590   71550   22459   99083   
83290   87281   47391   7502    52318   
8848    35848   29397   98108   1282    
39254   36498   90153   57175   27119   
8782    27389   23336   11833   2552    
15922   88846   19308   46799   80960   
91141   76255   77701   341     19792   
93660   46295   33325   70321   37193   
70212   42494   1525    83818   55753   
99246   95880   69023   12508   73548   
89668   91015   59648   11385   94592   
26975   56621   46427   501     55365   
75991   84398   21924   98356   13319   
93660   46295   33325   70321   37193   
10731   70788   86036   29760   97547   
54264   24787   98629   88763   17218   
23999   90277   95486   39301   56575   
98262   64940   78213   69539   88495   
22012   9684    13319   8572    84365   
99394   83886   86411   93476   36432   
14447   73852   30194   7152    69887   
83107   7301    61449   84191   90614   
73236   46087   88759   83633   92671   
71024   40115   20738   63456   84340   
38538   53739   43853   61897   31012   
33167   3735    58328   61588   423     
72778   16276   41560   63324   84825   
72831   25769   55763   8668    12479   
42186   81613   59427   57394   52758   
1656    56157   47418   30164   22180   
84904   90218   63263   73902   78915   
46796   49541   59789   17045   42076   
37163   41937   32355   62833   28422   
11339   17574   47586   68926   55841   
4426    74912   40132   19770   71050   
9333    6208    71153   6705    68665   
66268   52765   51508   75632   63977   
24819   58925   94645   73702   77440   
87765   63906   59396   81738   17903   
31926   1033    4583    45210   59758   
60559   43426   2711    66364   42926   
41277   68472   68178   9667    56617   
16282   38716   78801   58467   53505   
56025   25299   90078   39409   17464   
18854   89001   32341   41489   10976   
81724   40687   80351   71865   60153   
32257   56155   24708   49841   54029   
99360   37146   20863   25027   17980   
22165   57141   95904   33557   47616   
45617   44052   49453   61266   36462   
77925   60934   51067   74591   23984   
72741   17518   17754   91642   36287   
55871   7972    39505   47851   46510   
65071   25335   77427   50743   57800   
75591   13135   32477   79176   6966    
75991   84398   21924   98356   13319   
80576   4871    4032    26546   12652   
24993   38257   20086   9928    97636   
86514   89319   22333   76040   16700   
36300   32686   9706    89499   25884   
74569   22898   27783   35391   16019   
59045   47614   38539   12334   94431   
48603   43419   31491   72563   4545    
14783   43593   44116   86483   45023   
30623   69221   97997   42697   28720   
40971   27114   63813   76977   25629   
31882   81721   78482   75556   89513   
52164   21759   13620   67022   87243   
30967   33214   89308   10822   34671   
71133   46404   89404   91085   30835   
68664   57534   22018   35185   48277   
88254   42430   9002    70295   52069   
28616   42957   27040   97667   79828   
32157   66840   13068   10500   65502   
60559   43426   2711    66364   42926   
14447   73852   30194   7152    69887   
6840    39915   71263   49670   64760   
44514   84838   54690   95300   44297   
11339   17574   47586   68926   55841   
28627   27533   3409    34893   43846   
50785   17120   68693   81972   32000   
91493   57246   57344   54142   85767   
89410   89193   90728   35051   78315   
32008   33702   94448   47541   90895   
85601   23993   24713   52458   34954   
30989   90150   62057   50455   77853   
4331    47080   9115    29      37419   
73028   43102   67146   58470   70124   
38117   47798   84978   6433    93044   
96566   26295   12976   34674   84679   
26710   99625   72978   81389   60875   
92140   55237   6052    55445   49787   
24569   21722   18340   46102   50940   
89750   60101   62366   90391   64036   
64576   53027   35384   69030   61979   
25101   78469   96566   21130   27728   
27319   31381   15981   92383   75326   
32354   43679   16308   99533   25852   
95549   54467   26824   73635   21331   
93077   57550   27829   64137   24875   
54626   80874   92970   57281   20601   
35473   44926   88386   20229   92839   
47271   89370   69618   72538   22300   
85943   89569   89089   22284   3830    
24921   89358   93370   46148   28369   
36786   55014   21305   42259   96244   
89437   13635   62572   61930   24793   
35677   71574   38668   25735   16755   
13653   94810   20732   65489   11015   
73236   46087   88759   83633   92671   
29115   64901   51054   6062    31823   
92269   2688    4331    47512   5200    
46407   22224   20092   34131   85408   
52398   37924   87103   6925    47391   
33834   23868   11427   52143   76309   
65411   5709    56737   60715   49166   
47034   44387   72073   8852    33841   
11319   3655    19106   70004   23941   
98961   95191   30776   98033   77727   
88401   42169   93798   48692   96388   
7963    166     91662   15463   93444   
93732   26527   24131   74821   32905   
6057    14199   64587   48120   86067   
11319   3655    19106   70004   23941   
72067   30350   47799   87672   10461   
64868   54990   63673   91645   83638   
39254   36498   90153   57175   27119   
39309   38730   10018   22087   37933   
42958   80647   99908   33390   80569   
28983   19700   23650   37032   39564   
74824   98917   43301   66221   88811   
12230   77899   83920   48018   12074   
97292   73828   80607   67012   53739   
22165   57141   95904   33557   47616   
85646   57003   66872   90984   36884   
40084   29836   57354   93123   65143   
23999   90277   95486   39301   56575   
94205   57498   16537   13849   70230   
23300   90414   17629   19143   53323   
60836   46785   39909   35426   26821   
42694   95642   56079   40923   43623   
87765   63906   59396   81738   17903   
53913   46789   58477   93438   61845   
88325   84625   78585   77634   13085   
91192   42819   11753   3504    89861   
20301   57036   47999   6885    169     
21858   52559   29465   23000   41771   
55444   47288   26960   32431   35823   
87253   87429   70529   73728   83762   
26927   25271   74807   51206   77263   
40910   18993   59331   78268   47437   
90930   19359   23089   60232   25676   
91192   42819   11753   3504    89861   
40910   18993   59331   78268   47437   
28983   19700   23650   37032   39564   
53067   19629   51976   42509   24308   
99246   95880   69023   12508   73548   
65019   75157   46734   6125    49540   
36032   18954   84321   92168   22201   
76226   87440   76768   90134   67348   
91917   3314    41871   37543   1489    
89750   60101   62366   90391   64036   
78732   65321   45655   26303   40313   
16364   38105   8204    91592   69309   
69176   9668    6739    58301   21772   
54264   24787   98629   88763   17218   
82435   4545    23147   65874   44293   
68717   69097   91133   60614   9900    
14234   20012   9499    39665   74987   
8037    396     13151   2637    86487   
99246   95880   69023   12508   73548   
23454   9425    25128   91969   74297   
81806   94421   61001   35107   33599   
82487   69834   36086   60871   4097    
98834   86719   64063   73046   37463   
28529   41756   94930   50068   4837    
15134   17530   3348    37094   43202   
4426    74912   40132   19770   71050   
42746   39040   20215   6563    57884   
42694   95642   56079   40923   43623   
30243   96731   63758   30755   80348   
89388   50381   48046   18469   63520   
85895   29927   11744   57353   54746   
28627   27533   3409    34893   43846   
47932   69506   96065   94188   55220   
16282   38716   78801   58467   53505   
58471   23798   39912   39971   75788   
68661   52043   80512   90760   21705   
36790   40684   40499   75179   78466   
78969   42829   9510    70908   33864   
36012   25854   18198   56979   10584   
1656    56157   47418   30164   22180   
74843   17973   42084   29687   50623   
74907   97190   10116   20754   10322   
66328   90364   65431   22226   3284    
53159   35258   16532   60138   4009    
37079   31133   96793   15482   87409   
81776   60967   73874   67178   77830   
25816   55645   45735   97862   84355   
40295   79875   79391   98542   32119   
30873   46619   84631   46815   90133   
93920   34078   82840   56273   55820   
96654   68531   81595   23540   93297   
57758   21961   57540   67971   18186   
44049   62791   4606    95188   82098   
43265   57764   24770   55160   59999   
47271   89370   69618   72538   22300   
75991   84398   21924   98356   13319   
96654   68531   81595   23540   93297   
14447   73852   30194   7152    69887   
28983   19700   23650   37032   39564   
75991   84398   21924   98356   13319   
80576   4871    4032    26546   12652   
46474   18424   50661   47192   84575   
50191   23715   23862   81464   59206   
14447   73852   30194   7152    69887   
71024   40115   20738   63456   84340   
36012   25854   18198   56979   10584   
78253   81438   58519   40645   89547   
94042   77906   62807   36239   74438   
28529   41756   94930   50068   4837    
81386   8159    69100   72156   18612   
24569   21722   18340   46102   50940   
78245   17499   83537   29651   41140   
47932   69506   96065   94188   55220   
65019   75157   46734   6125    49540   
30532   19897   29668   14677   94309   
92894   31510   15485   78276   38439   
16282   38716   78801   58467   53505   
62393   79742   17860   65576   24873   
61168   63574   93210   38200   46570   
93660   46295   33325   70321   37193   
39254   36498   90153   57175   27119   
55823   79672   37300   76592   74364   
89037   21930   57893   27594   4122    
68381   63272   51228   42032   86380   
67139   53627   82501   91905   12667   
75616   88077   27583   32180   18870   
44843   90051   59745   69781   32284   
18182   95948   25586   85083   52095   
92757   9838    79933   40011   56594   
40226   89424   66406   24445   72090   
28211   30259   7846    23585   54523   
26710   99625   72978   81389   60875   
38414   63334   19567   47111   35822   
85042   41465   37704   93871   37480   
20517   78749   99501   68904   73217   
49110   47391   25856   22454   38139   
8782    27389   23336   11833   2552    
62704   20106   48124   2826    42728   
14447   73852   30194   7152    69887   
51541   80850   53233   1301    74678   
1132    51192   27938   24466   96036   
80576   4871    4032    26546   12652   
93239   99216   8940    10521   52653   
28983   19700   23650   37032   39564   
36821   31866   17457   25914   24772   
23201   79851   34425   66399   79362   
96566   26295   12976   34674   84679   
60708   781     24780   30093   19471   
65019   75157   46734   6125    49540   
2202    4813    32211   85850   34044   
60559   43426   2711    66364   42926   
80576   4871    4032    26546   12652   
14447   73852   30194   7152    69887   
86675   24532   71296   93561   24249   
7665    33093   93849   92465   78236   
4009    27744   95363   80802   54852   
17441   53480   23795   92979   3535    
90521   11460   1531    55036   93537   
91119   54013   98521   94930   68453   
86044   64759   9227    60437   44409   
71122   62894   33735   97073   40581   
1656    56157   47418   30164   22180   
31625   50293   28247   91098   8166    
8037    396     13151   2637    86487   
53991   26088   48793   49099   11773   
90897   3322    12047   7155    64822   
96655   81173   87651   35794   26757   
48362   65124   41071   19611   7053    
70212   42494   1525    83818   55753   
28983   19700   23650   37032   39564   
74380   63725   78414   39682   14265   
67784   75204   33791   69382   19444   
11449   33540   49483   49866   5843    
28983   19700   23650   37032   39564   
30532   19897   29668   14677   94309   
3386    93242   70570   84666   13253   
97731   30513   79826   10553   41822   
99237   9554    30841   32304   89263   
44921   13364   33245   946     95862   
11339   17574   47586   68926   55841   
46349   38382   64652   21374   31287   
50002   63463   7933    2722    65919   
9019    34180   77499   38119   29869   
92757   9838    79933   40011   56594   
18421   25433   91483   34476   29549   
24819   58925   94645   73702   77440   
66261   20905   39313   71916   95794   
14587   7853    4451    53108   24946   
54264   24787   98629   88763   17218   
75263   10919   75756   7494    43293   
11324   43137   59862   64822   29363   
99175   42608   45035   55474   64336   
75616   88077   27583   32180   18870   
84904   90218   63263   73902   78915   
47932   69506   96065   94188   55220   
17276   72034   17624   98881   84862   
77741   90674   91088   91471   77278   
82329   44645   70390   94217   49482   
38603   72713   70634   77696   71564   
49152   70247   95182   47753   57078   
27473   223     33860   61074   95581   
85049   95682   75516   19381   26866   
88972   49597   27      27434   22934   
52990   43849   61849   61915   89477   
66893   49074   3519    71444   65192   
65019   75157   46734   6125    49540   
63346   59142   50914   10945   8952    
18017   2100    82607   63900   3441    
19037   25056   12084   97682   23256   
80435   32386   66973   34896   10249   
56025   25299   90078   39409   17464   
97560   72825   98956   81183   26818   
12230   77899   83920   48018   12074   
44787   56225   26278   73423   61982   
8037    396     13151   2637    86487   
4392    98217   94394   67472   47075   
16469   55950   82891   7767    30433   
35833   22261   13137   94174   558     
70787   7856    95197   66825   34502   
98834   86719   64063   73046   37463   
90453   55461   41662   52948   35008   
85049   95682   75516   19381   26866   
11319   3655    19106   70004   23941   
65071   25335   77427   50743   57800   
77088   42521   16654   72869   20272   
71024   40115   20738   63456   84340   
18896   64081   74102   65551   22755   
91233   89795   65779   22230   44238   
4846    96510   55123   53381   39110   
34020   82199   85306   84182   92397   
28529   41756   94930   50068   4837    
48889   55903   98761   20121   11093   
36821   31866   17457   25914   24772   
51357   12491   70255   14155   27594   
48182   27116   66972   15345   93304   
80455   94759   16032   59955   37523   
92455   95022   97222   22647   41365   
50597   65556   25383   76387   17444   
45041   9030    73316   1586    39040   
85443   94541   15937   2443    91088   
66575   56266   59943   44009   76076   
20301   57036   47999   6885    169     
76853   67452   11918   1130    29926   
98093   98577   74468   9204    74056   
14447   73852   30194   7152    69887   
51613   77660   88314   30584   95120   
66415   72757   59107   99111   97360   
72494   78259   60605   51114   98155   
30873   46619   84631   46815   90133   
8782    27389   23336   11833   2552    
32951   66210   25756   71459   94243   
30866   25028   61427   67458   25797   
42694   95642   56079   40923   43623   
24153   18175   32452   82059   59518   
91493   57246   57344   54142   85767   
30676   91697   6497    81717   63138   
33834   23868   11427   52143   76309   
60389   60575   70636   34958   75943   
28983   19700   23650   37032   39564   
83824   42737   99307   25781   9671    
30802   36776   60586   99824   55275   
20327   89259   53843   51783   62249   
48102   39838   49341   39801   25763   
75926   66550   52844   84313   86967   
35849   17017   97390   61335   61715   
8782    27389   23336   11833   2552    
86514   89319   22333   76040   16700   
22593   17299   12142   3774    45405   
70643   22892   92149   9837    75399   
95206   5637    73818   56217   5107    
39372   16236   24711   95017   90012   
85042   41465   37704   93871   37480   
31576   91430   80052   47684   91940   
25715   60314   39212   81436   70194   
72415   9542    84851   23497   32508   
25680   59237   74330   79149   36040   
35191   35875   17470   36189   27334   
92580   97000   98507   9157    47440   
28904   90943   53213   6918    68346   
81975   389     54546   59312   23839   
65019   75157   46734   6125    49540   
91493   57246   57344   54142   85767   
75591   13135   32477   79176   6966    
88086   96181   967     42866   30486   
6056    70391   7746    17294   42621   
28983   19700   23650   37032   39564   
83945   98547   29135   86031   4922    
30625   88462   33715   48209   60141   
65241   40891   87288   29045   98384   
8782    27389   23336   11833   2552    
80457   28813   15002   44392   1033    
77969   15659   55642   7192    53827   
39781   13535   42601   30783   62903   
96566   26295   12976   34674   84679   
31014   61702   70644   27454   66627   
97830   17467   93185   10928   64966   
18496   73423   49283   80824   56065   
35766   11895   54128   98756   22822   
1708    29753   4851    23307   26153   
85042   41465   37704   93871   37480   
71024   40115   20738   63456   84340   
18896   64081   74102   65551   22755   
32887   57319   87249   4208    56135   
93121   1007    83619   75583   91860   
99370   36015   97078   98868   6661    
78218   21286   33073   39218   60089   
18421   25433   91483   34476   29549   
5890    69630   87257   88451   286     
18398   73845   53084   32603   50345   
69626   35223   50401   51294   8760    
2598    47349   358     17881   75611   
42694   95642   56079   40923   43623   
28152   46556   72430   44467   10915   
28983   19700   23650   37032   39564   
16282   38716   78801   58467   53505   
66261   20905   39313   71916   95794   
89930   66020   15912   63586   34990   
25680   59237   74330   79149   36040   
73921   1010    53641   63424   31939   
75273   24643   51300   69160   69154   
96655   81173   87651   35794   26757   
86044   64759   9227    60437   44409   
14587   7853    4451    53108   24946   
72745   65456   40578   76781   35317   
86080   50737   9587    79182   4400    
39254   36498   90153   57175   27119   
55840   18243   15056   23071   11216   
65071   25335   77427   50743   57800   
53095   46558   91725   44147   78202   
17521   95343   85886   94192   93032   
27739   94064   70559   11780   88557   
89750   60101   62366   90391   64036   
71999   11442   56010   3229    76347   
39254   36498   90153   57175   27119   
52731   66772   79841   92606   60940   
83377   30381   84357   64047   4133    
48119   50648   64217   20786   74646   
28529   41756   94930   50068   4837    
24427   85709   36522   18081   63784   
91527   51781   75098   13786   74651   
75616   88077   27583   32180   18870   
54822   31473   12310   10041   5173    
48058   63661   70054   17339   5272    
93660   46295   33325   70321   37193   
1656    56157   47418   30164   22180   
93660   46295   33325   70321   37193   
80576   4871    4032    26546   12652   
77088   42521   16654   72869   20272   
98961   95191   30776   98033   77727   
28983   19700   23650   37032   39564   
38180   75752   61950   47091   94681   
35985   6251    42042   91054   53851   
65019   75157   46734   6125    49540   
23203   47642   61528   52683   1118    
90523   60283   8023    78766   59969   
21858   52559   29465   23000   41771   
77088   42521   16654   72869   20272   
20157   43762   84596   5054    38117   
21417   44790   46660   72071   56330   
66261   20905   39313   71916   95794   
42186   81613   59427   57394   52758   
25826   63811   17886   27650   36484   
42694   95642   56079   40923   43623   
18550   18444   51349   5113    47115   
86044   64759   9227    60437   44409   
54264   24787   98629   88763   17218   
43152   59618   88734   98258   69940   
14457   59471   49768   63903   95830   
28983   19700   23650   37032   39564   
42694   95642   56079   40923   43623   
1656    56157   47418   30164   22180   
19037   25056   12084   97682   23256   
44951   58835   41941   28561   41171   
7652    50697   27417   80801   37267   
47271   89370   69618   72538   22300   
35332   96956   29126   5425    7578    
28904   90943   53213   6918    68346   
23640   20668   30880   59534   25996   
96566   26295   12976   34674   84679   
77088   42521   16654   72869   20272   
39548   2273    2830    21136   80391   
29267   94898   38607   88932   74686   
88568   57164   14260   57897   18648   
20319   12644   13657   87005   53596   
15619   25923   17379   87637   62223   
18383   80010   78310   52864   63494   
4180    34673   49000   8359    94843   
54659   31894   76249   17627   32593   
42694   95642   56079   40923   43623   
18400   57165   36587   49985   41156   
94043   15739   98072   22826   78107   
9579    90222   98089   69188   15022   
72670   21636   29819   41652   58804   
1656    56157   47418   30164   22180   
17526   39913   83538   77559   11784   
89102   43732   49616   95531   40138   
69626   35223   50401   51294   8760    
21858   52559   29465   23000   41771   
42694   95642   56079   40923   43623   
86407   34018   73345   37323   44063   
72745   65456   40578   76781   35317   
1849    10578   4784    30973   49341   
64547   5002    6792    49649   88009   
74380   63725   78414   39682   14265   
42694   95642   56079   40923   43623   
91527   51781   75098   13786   74651   
88568   57164   14260   57897   18648   
28983   19700   23650   37032   39564   
17819   25932   27356   22537   35148   
65019   75157   46734   6125    49540   
45985   34948   63438   89941   91140   
28983   19700   23650   37032   39564   
19037   25056   12084   97682   23256   
48119   50648   64217   20786   74646   
76073   83353   27589   35740   10925   
75926   66550   52844   84313   86967   
69626   35223   50401   51294   8760    
22692   26685   8109    42543   76473   
28904   90943   53213   6918    68346   
53515   71733   53200   52026   18207   
1849    10578   4784    30973   49341   
49503   92527   27922   11783   73739   
54378   59029   82820   84801   79736   
16282   38716   78801   58467   53505   
9579    90222   98089   69188   15022   
9537    94618   75143   36455   43429   
80158   21334   91394   82582   91154   
99006   90326   47061   83211   87275   
89410   89193   90728   35051   78315   
15454   72840   30350   95051   97572   
18896   64081   74102   65551   22755   
76784   42264   23680   12113   25773   
60019   44543   93556   91428   33026   
99246   95880   69023   12508   73548   
13564   72427   57182   89253   18575   
34867   19947   13908   8138    25754   
16469   55950   82891   7767    30433   
25850   80314   24561   71623   15108   
4426    74912   40132   19770   71050   
15831   62383   87711   88611   38217   
40910   18993   59331   78268   47437   
34963   2956    84443   80594   49352   
19565   7302    84612   44922   52732   
28904   90943   53213   6918    68346   
49503   92527   27922   11783   73739   
18896   64081   74102   65551   22755   
14889   27824   27199   78593   9533    
40971   27114   63813   76977   25629   
51046   40798   29084   70973   55431   
93660   46295   33325   70321   37193   
80435   32386   66973   34896   10249   
25594   76148   43881   4892    4146    
93660   46295   33325   70321   37193   
90453   55461   41662   52948   35008   
73921   1010    53641   63424   31939   
79953   26605   54633   15055   13460   
31631   48007   97270   2480    40339   
18024   64936   48757   71419   99102   
57346   57096   68238   45370   71476   
35578   83560   58229   86597   34208   
42694   95642   56079   40923   43623   
60559   43426   2711    66364   42926   
16181   30439   67553   89076   9139    
40382   29745   63255   16345   68369   
90636   30448   70104   25392   37212   
84329   34483   21935   58800   20367   
71398   99812   40487   73125   50318   
8782    27389   23336   11833   2552    
10198   7053    31178   99651   22059   
89410   89193   90728   35051   78315   
3846    22533   20887   29700   76124   
62704   20106   48124   2826    42728   
24569   21722   18340   46102   50940   
14447   73852   30194   7152    69887   
23999   90277   95486   39301   56575   
42694   95642   56079   40923   43623   
59937   23856   97565   63961   65909   
4009    27744   95363   80802   54852   
79205   14063   43529   2930    55967   
73178   87919   3915    89278   99901   
58254   26966   13596   98729   87077   
48421   58100   38309   44859   68151   
74276   13523   90196   46936   76493   
51046   40798   29084   70973   55431   
6840    39915   71263   49670   64760   
98961   95191   30776   98033   77727   
13621   19171   50621   96849   19895   
57937   89592   86681   43686   1980    
28904   90943   53213   6918    68346   
28904   90943   53213   6918    68346   
1200    41276   61917   4590    73850   
26710   99625   72978   81389   60875   
42694   95642   56079   40923   43623   
77925   60934   51067   74591   23984   
66671   83246   92640   74102   11754   
80663   8706    64811   80891   17952   
93042   13427   90445   42177   96681   
28983   19700   23650   37032   39564   
47944   2265    14931   76951   41819   
58188   51455   67781   52358   54910   
65019   75157   46734   6125    49540   
58275   42277   83931   53147   70015   
94042   77906   62807   36239   74438   
94478   84990   80459   15644   68611   
63866   40892   67506   33065   47403   
85941   13071   60340   28194   65498   
25560   92572   75341   51791   25642   
65019   75157   46734   6125    49540   
65774   93428   85345   11468   25403   
44042   43742   25149   56277   64957   
61248   17903   35727   17215   22334   
35644   51594   41361   34705   72951   
51003   68535   13558   55037   82972   
65984   70834   4047    41924   18429   
83377   30381   84357   64047   4133    
20935   69169   91612   74789   91606   
96405   53607   96714   18109   67617   
53351   50173   84339   71207   38167   
8782    27389   23336   11833   2552    
74907   97190   10116   20754   10322   
14457   59471   49768   63903   95830   
72745   65456   40578   76781   35317   
97838   97420   5920    32208   93276   
35578   83560   58229   86597   34208   
42694   95642   56079   40923   43623   
18421   25433   91483   34476   29549   
17819   25932   27356   22537   35148   
8019    805     79778   59502   14749   
22317   93445   20267   20709   36333   
74647   36457   34926   28539   92370   
23489   21902   23720   94402   25239   
52167   70143   1360    8471    5831    
36980   52558   54986   73893   79283   
27739   94064   70559   11780   88557   
10980   72991   201     8970    71773   
31631   48007   97270   2480    40339   
58671   57653   55430   56972   7067    
32257   56155   24708   49841   54029   
19981   31615   10864   92569   7010    
42694   95642   56079   40923   43623   
83473   91259   14833   94976   91172   
68158   19290   84444   60117   3171    
54264   24787   98629   88763   17218   
89427   71880   80492   23532   62345   
54264   24787   98629   88763   17218   
14447   73852   30194   7152    69887   
70739   81025   72570   3632    10742   
28099   52842   93573   85609   27329   
68158   19290   84444   60117   3171    
94625   22420   26431   799     73808   
15134   17530   3348    37094   43202   
90097   35527   61806   93330   65825   
48119   50648   64217   20786   74646   
51597   96428   83877   90394   94213   
69019   47834   71409   77445   29499   
26935   54741   78567   15946   58744   
48470   694     37542   9092    41854   
4125    7440    80321   22909   77963   
92455   95022   97222   22647   41365   
57628   19058   39207   96800   69461   
17348   67934   92419   87303   7265    
28726   6314    80014   29052   63153   
32190   63265   36074   81948   77545   
20187   85914   82992   71103   43112   
67928   67646   19950   93080   49375   
48437   27570   61419   94443   95682   
49503   92527   27922   11783   73739   
85941   13071   60340   28194   65498   
83336   5952    90426   51133   71339   
57294   95735   18918   33834   12447   
23999   90277   95486   39301   56575   
69176   9668    6739    58301   21772   
99890   92634   95654   9820    82550   
88401   42169   93798   48692   96388   
1250    1175    42007   10528   55499   
89427   71880   80492   23532   62345   
34095   10716   59150   22683   93971   
36821   31866   17457   25914   24772   
97142   62558   33722   8630    31462   
99006   90326   47061   83211   87275   
53680   33119   16750   51898   40723   
21858   52559   29465   23000   41771   
54730   57758   31225   22010   95011   
48182   27116   66972   15345   93304   
31326   69627   89696   88127   12403   
3965    25763   47681   71151   30121   
24878   9561    12569   5375    3691    
34830   16448   33249   55939   41974   
71673   24098   6660    33799   74818   
98834   86719   64063   73046   37463   
13621   19171   50621   96849   19895   
99112   71847   62575   54121   29860   
65167   94439   76820   49000   63980   
21490   73747   29246   54742   60377   
8256    75099   30752   61750   40173   
38603   72713   70634   77696   71564   
54378   59029   82820   84801   79736   
55008   33745   48457   34524   62184   
53636   12936   34301   28946   53967   
62704   20106   48124   2826    42728   
18421   25433   91483   34476   29549   
10242   93810   65031   56668   87560   
65399   12328   46161   40450   11143   
6525    29678   2661    42436   83764   
98956   4910    44762   24563   81756   
55540   24743   83384   94915   42711   
77041   15012   21062   98134   3889    
32890   20737   8760    60751   406     
47750   71155   12185   62271   1408    
22127   93033   80610   45734   58209   
14447   73852   30194   7152    69887   
28627   27533   3409    34893   43846   
4690    74933   47915   2741    63038   
53015   73248   19818   68546   13320   
20906   76407   31725   60274   22136   
53199   38721   85227   78770   97306   
51256   35076   8835    34825   20640   
51613   77660   88314   30584   95120   
3031    24338   40422   79963   77079   
2244    1375    85529   53589   91445   
40910   18993   59331   78268   47437   
88254   42430   9002    70295   52069   
78732   65321   45655   26303   40313   
21858   52559   29465   23000   41771   
4690    74933   47915   2741    63038   
15947   48145   83821   63712   22032   
2438    87208   16080   74580   72510   
13410   99786   58134   24984   32110   
28686   97507   77962   19084   36751   
39254   36498   90153   57175   27119   
14447   73852   30194   7152    69887   
29523   60296   93922   67949   80442   
99370   36015   97078   98868   6661    
40741   54481   42309   56104   63841   
84417   25479   8338    99859   96498   
11078   44830   61092   34626   58066   
91141   76255   77701   341     19792   
24569   21722   18340   46102   50940   
81893   72723   31894   53582   2348    
40078   99635   51206   90192   38715   
36616   81988   24903   96913   36001   
7799    85727   35674   32685   85816   
69626   35223   50401   51294   8760    
33273   69088   8034    57188   41208   
12047   2377    32392   94223   95091   
83583   46287   41979   28875   46890   
19037   25056   12084   97682   23256   
28983   19700   23650   37032   39564   
8782    27389   23336   11833   2552    
93660   46295   33325   70321   37193   
57298   45922   18941   96339   802     
1656    56157   47418   30164   22180   
99370   36015   97078   98868   6661    
15738   67228   69377   70826   16228   
50816   88724   48551   17755   92166   
80457   28813   15002   44392   1033    
83498   48442   66298   48112   85465   
28983   19700   23650   37032   39564   
36980   52558   54986   73893   79283   
46796   49541   59789   17045   42076   
89410   89193   90728   35051   78315   
70915   79474   76647   36480   41923   
87765   63906   59396   81738   17903   
37719   97269   47549   53626   3974    
50435   76616   91486   56161   72243   
47902   64460   55662   77623   94923   
71998   60470   82989   25319   38107   
85049   95682   75516   19381   26866   
13323   54968   74369   30117   26459   
65459   4171    32125   86240   97217   
26710   99625   72978   81389   60875   
6057    14199   64587   48120   86067   
26927   25271   74807   51206   77263   
86514   89319   22333   76040   16700   
18421   25433   91483   34476   29549   
41832   94112   98339   67654   62601   
72177   4687    81938   36327   71417   
92455   95022   97222   22647   41365   
42694   95642   56079   40923   43623   
17815   73688   76636   74000   58079   
42194   23505   12242   85930   6391    
43204   58692   86922   78696   3106    
16936   95618   49608   44867   23099   
86514   89319   22333   76040   16700   
28904   90943   53213   6918    68346   
31944   54507   80327   91967   17556   
48102   39838   49341   39801   25763   
549     14196   53187   30620   358     
71168   6739    6997    12673   30669   
91916   30629   69642   91379   21745   
65321   90821   69755   40092   96489   
28616   42957   27040   97667   79828   
88401   42169   93798   48692   96388   
89427   71880   80492   23532   62345   
39309   38730   10018   22087   37933   
8782    27389   23336   11833   2552    
26927   25271   74807   51206   77263   
86998   53018   95217   56681   44375   
85049   95682   75516   19381   26866   
63346   59142   50914   10945   8952    
91119   54013   98521   94930   68453   
85049   95682   75516   19381   26866   
28529   41756   94930   50068   4837    
60559   43426   2711    66364   42926   
28983   19700   23650   37032   39564   
12672   46650   3142    29616   6798    
81773   58576   20140   85180   32950   
28983   19700   23650   37032   39564   
80663   8706    64811   80891   17952   
48119   50648   64217   20786   74646   
18896   64081   74102   65551   22755   
51357   12491   70255   14155   27594   
96655   81173   87651   35794   26757   
24819   58925   94645   73702   77440   
22593   17299   12142   3774    45405   
6978    49913   16647   52640   34139   
59721   39777   48745   95000   67214   
36616   81988   24903   96913   36001   
85443   94541   15937   2443    91088   
68058   72680   79400   85745   71767   
3926    53380   86487   86648   56143   
19646   83260   18291   47627   64731   
4500    82746   17785   17238   75104   
8782    27389   23336   11833   2552    
70823   61122   16350   735     60982   
31576   91430   80052   47684   91940   
40295   79875   79391   98542   32119   
64868   54990   63673   91645   83638   
4998    48390   95840   23505   57057   
35191   35875   17470   36189   27334   
65167   94439   76820   49000   63980   
48119   50648   64217   20786   74646   
87024   71636   23721   60360   57953   
85443   94541   15937   2443    91088   
98311   56083   84882   5879    34943   
65345   88602   42587   33185   47719   
77565   22335   65263   97897   47286   
92882   38773   47189   27265   90247   
13796   56459   5992    77060   12806   
42694   95642   56079   40923   43623   
75252   11462   75648   73625   93447   
90453   55461   41662   52948   35008   
4846    96510   55123   53381   39110   
56655   81927   42026   30061   65761   
28983   19700   23650   37032   39564   
89410   89193   90728   35051   78315   
70212   42494   1525    83818   55753   
36568   2012    89146   82600   23136   
42694   95642   56079   40923   43623   
91493   57246   57344   54142   85767   
53088   48829   90317   1153    70910   
4426    74912   40132   19770   71050   
50118   87227   27669   41593   33710   
34693   32981   22576   12760   48368   
41261   72056   54903   21024   72264   
29460   41157   66724   58096   56336   
98834   86719   64063   73046   37463   
66752   16456   60142   80373   66898   
28983   19700   23650   37032   39564   
89750   60101   62366   90391   64036   
29001   51581   41953   25484   90514   
42694   95642   56079   40923   43623   
51488   45497   77026   37320   54050   
75616   88077   27583   32180   18870   
65044   82222   5670    93223   51465   
63346   59142   50914   10945   8952    
80538   14226   25981   4568    41028   
5799    12319   90140   14917   25272   
55131   59994   77447   47599   23215   
69019   47834   71409   77445   29499   
87071   80450   82767   3480    29410   
18421   25433   91483   34476   29549   
45533   16821   61518   52567   65203   
60836   46785   39909   35426   26821   
90453   55461   41662   52948   35008   
49775   30949   1276    70941   40727   
97758   11102   40753   30062   76557   
1688    57592   31734   54512   69295   
45228   6683    28643   21626   35569   