66099   22286   
34381   66418   
66422   72187   
96899   14899   
70847   97995   
72015   38146   
27778   9129    
67591   68119   
51764   90569   
23723   63307   
75701   85184   
94652   44469   
75290   11503   
90854   49734   
10993   38597   
25027   14889   
37425   60223   
19545   36750   
53927   54953   
2327    99907   
13219   50928   
20634   7972    
16060   99547   
3448    14175   
16027   14721   
65185   91487   
96285   76467   
10736   71790   
7831    48292   
46758   99503   
53598   34936   
70301   57693   
57848   93300   
78770   53761   
21532   24228   
53893   73326   
66252   24970   
71631   99269   
81499   99326   
77850   81375   
97251   28683   
43232   92631   
86464   33853   
31443   87647   
66629   77631   
267     20964   
27668   89187   
90275   71108   
13745   79447   
84253   79069   
37168   40908   
57848   93300   
66710   55727   
43654   48263   
51754   29792   
40846   85518   
9515    72283   
78089   36124   
29563   29646   
11734   51548   
35795   42848   
77906   11997   
66710   55727   
34845   66472   
73886   36635   
82403   33004   
60753   22990   
69425   60417   
78770   53761   
37052   50223   
50792   48687   
50792   48687   
1098    9725    
17914   3605    
14148   39185   
97716   87594   
17914   3605    
98900   78906   
91081   98076   
55928   50513   
18192   53274   
92417   62627   
78704   58024   
10993   38597   
46947   82822   
28000   72739   
83316   1696    
4910    50191   
97628   22713   
82552   7268    
75804   85835   
32107   29126   
74225   82392   
70301   57693   
85941   54722   
1614    59921   
34381   66418   
77906   11997   
64808   36812   
77906   11997   
16302   91834   
57919   22536   
50720   85169   
46682   86709   
44340   8341    
26342   89736   
36653   10483   
89278   51566   
11573   39810   
36419   28681   
2981    1048    
87672   70964   
24104   37057   
3487    3859    
46666   55377   
81795   11642   
44863   58230   
61745   80031   
88035   49757   
86605   72069   
69067   7940    
12344   84261   
56877   86804   
23896   84921   
67591   68119   
60924   56484   
69067   7940    
62740   5225    
5056    37037   
43929   81569   
74435   46137   
77850   81375   
99083   18489   
44899   94898   
54818   41381   
20726   57742   
37446   90700   
1614    59921   
32238   51981   
76895   2332    
66710   55727   
98281   53318   
16060   99547   
76035   8382    
311     68750   
67591   68119   
98650   72757   
40305   89352   
99083   18489   
38811   87409   
24889   45826   
57848   93300   
91024   11171   
51764   90569   
95920   73906   
45774   31343   
6728    73759   
5447    14176   
2896    48443   
76710   93164   
79350   9173    
70301   57693   
76520   5705    
78770   53761   
37296   66313   
88415   41365   
69067   7940    
89278   51566   
12130   38460   
78770   53761   
82319   17503   
27778   9129    
50792   48687   
79314   60839   
3731    34788   
4573    22215   
11561   60501   
9131    35609   
78770   53761   
31078   34220   
1614    59921   
66710   55727   
75373   66952   
45451   37054   
28614   84606   
51225   88892   
48562   91802   
8833    81956   
21474   92305   
18634   10682   
66710   55727   
90913   4145    
34566   69843   
1966    32898   
93925   51224   
88415   41365   
24530   87415   
89470   70099   
67299   88901   
43494   71649   
81499   99326   
44340   8341    
84177   81911   
73715   78845   
87929   45541   
70301   57693   
47493   44495   
11358   32713   
6798    26667   
24530   87415   
57802   32236   
61531   60327   
90928   63605   
25667   84058   
57968   95125   
60924   56484   
64687   3231    
87929   45541   
31710   51931   
85342   30520   
78770   53761   
73433   75081   
21115   71187   
59384   17111   
68865   61877   
95553   19913   
37770   76883   
27722   96803   
1614    59921   
55928   50513   
24679   28678   
21474   92305   
60473   95039   
8007    4330    
4774    48616   
60924   56484   
32449   76815   
14875   18542   
36041   4758    
34381   66418   
14950   30324   
4571    14420   
49226   86822   
50054   96181   
57919   22536   
73925   51153   
77906   11997   
97211   37764   
56319   59829   
17254   40496   
93246   92037   
98232   59876   
22864   60160   
3487    3859    
71783   78066   
93639   8129    
53010   60194   
66710   55727   
59860   36254   
78770   53761   
22864   60160   
64805   38540   
26238   87551   
28464   10943   
56877   86804   
25885   54820   
27765   88822   
799     20026   
61176   57783   
29636   88514   
58334   39985   
72384   90887   
17254   40496   
57093   78528   
67246   94038   
1098    9725    
68607   17497   
21760   59920   
85940   96565   
56361   87282   
57802   32236   
71657   56785   
60924   56484   
31078   34220   
43759   12661   
35795   42848   
51225   88892   
34557   47994   
11824   87915   
38673   47959   
26488   31028   
96899   14899   
34381   66418   
49363   3523    
53420   77843   
96798   10325   
44688   57921   
78770   53761   
69067   7940    
41767   25440   
88334   40694   
72338   23056   
22385   60532   
78193   54044   
51764   90569   
70934   34130   
78770   53761   
40088   33651   
90913   4145    
96439   5566    
91814   22266   
23815   39576   
29636   88514   
78770   53761   
26486   69402   
50877   53369   
92800   82242   
98158   33753   
73693   52193   
81639   21265   
79359   17740   
43759   12661   
22864   60160   
71783   78066   
13979   55271   
61845   48054   
69782   49268   
44136   69744   
85848   96377   
94774   70320   
88889   91949   
7972    1846    
75373   66952   
33954   21583   
98944   56007   
99083   18489   
24026   98645   
33368   53178   
3724    67079   
31953   56728   
54745   90763   
97628   22713   
54685   29830   
33461   83638   
72338   23056   
84672   5798    
61425   91293   
87863   60730   
19116   34950   
66960   78489   
1614    59921   
22385   60532   
39217   58680   
44628   2845    
75701   85184   
95553   19913   
21760   59920   
85834   9383    
7043    38185   
46758   99503   
26721   10316   
56986   87124   
92813   14913   
59108   66912   
94721   39878   
46947   82822   
14810   75781   
82598   1449    
63480   29213   
799     20026   
68776   80424   
78770   53761   
57848   93300   
21115   71187   
65212   27859   
13219   50928   
22085   20654   
88334   40694   
4410    52782   
85122   33286   
16302   91834   
60924   56484   
82975   54799   
39498   89221   
57848   93300   
30137   41964   
80372   63736   
19049   54289   
35599   64128   
10993   38597   
85122   33286   
57848   93300   
46276   57901   
48114   78510   
67180   97807   
60777   18562   
82598   1449    
61745   80031   
43759   12661   
97628   22713   
52834   91560   
27765   88822   
29339   25128   
37679   7549    
67267   33937   
24043   91646   
29655   45463   
40487   77051   
36390   64956   
61799   49841   
63644   2411    
50792   48687   
27468   98294   
55730   77206   
93833   90861   
5322    61428   
93661   13119   
30035   48678   
21088   57382   
50054   96181   
43047   3497    
28468   97456   
27627   33363   
57848   93300   
50903   37691   
57848   93300   
51409   62561   
97211   37764   
76434   4921    
73693   52193   
48101   15913   
43954   89344   
44868   92248   
77906   11997   
2395    7348    
23067   17937   
66252   24970   
66710   55727   
67316   39626   
51764   90569   
7831    48292   
67698   42621   
33680   22491   
60793   14581   
44239   51486   
24679   28678   
48228   73274   
89441   13979   
99083   18489   
93461   22857   
56892   55434   
66629   77631   
94666   53278   
66710   55727   
67529   51182   
1273    69058   
66629   77631   
66518   7887    
57802   32236   
66629   77631   
12130   38460   
50720   85169   
12185   33646   
22043   19472   
68461   84636   
54818   41381   
96007   10576   
64867   28880   
33592   6256    
97260   2931    
70301   57693   
17606   46102   
67316   39626   
24889   45826   
311     68750   
33561   11054   
35795   42848   
61799   49841   
77259   42233   
51427   37509   
27429   72595   
2981    1048    
83520   84052   
34381   66418   
47071   88709   
22864   60160   
93461   22857   
88843   54767   
43941   59954   
61861   11800   
66710   55727   
66710   55727   
783     91719   
97374   40204   
85522   2433    
57802   32236   
60924   56484   
57848   93300   
22434   97628   
55928   50513   
64314   35287   
29561   41238   
46758   99503   
63378   66658   
57848   93300   
16894   86176   
46272   74154   
69067   7940    
6728    73759   
51627   89053   
5056    37037   
37458   31271   
46430   51650   
58733   64627   
34381   66418   
34381   66418   
22043   19472   
73692   35123   
70408   83395   
47254   70885   
32812   96050   
17081   13219   
69067   7940    
51427   37509   
56167   60      
86464   33853   
27383   15729   
14995   51211   
78770   53761   
69067   7940    
22864   60160   
98232   59876   
79077   40588   
83216   91506   
48967   40638   
99083   18489   
33368   53178   
84623   68517   
44136   69744   
66710   55727   
93925   51224   
79558   12307   
70158   96237   
52011   34067   
52011   34067   
76006   56105   
19893   13681   
53213   43264   
7492    43174   
57848   93300   
37908   48315   
16833   42497   
87929   45541   
1321    28572   
62639   93145   
29561   41238   
64867   28880   
53683   73873   
4568    2799    
81140   93344   
69425   60417   
16116   3139    
55805   38905   
28715   75229   
62730   57137   
73693   52193   
55286   3861    
95920   73906   
94774   70320   
82275   93214   
82069   18797   
54021   6864    
85940   96565   
74671   90017   
48399   74827   
69067   7940    
18192   53274   
85360   91770   
48126   92008   
55305   96824   
30572   47429   
19342   45073   
5795    91958   
68713   14746   
98825   41506   
26488   31028   
58383   8873    
51427   37509   
11170   17282   
95553   19913   
93441   68099   
60667   32086   
87777   83397   
74671   90017   
1614    59921   
60784   4947    
85949   63158   
34381   66418   
24600   10053   
28974   26201   
11561   60501   
29438   87964   
78104   67610   
3961    42803   
16784   84780   
69911   4493    
35761   92271   
12156   64165   
39217   58680   
90053   96549   
16116   3139    
31078   34220   
92134   10793   
78770   53761   
57167   71415   
38100   78944   
38807   82359   
26721   10316   
97355   58759   
84253   79069   
18409   66828   
58335   70324   
51764   90569   
12598   46644   
11561   60501   
22864   60160   
15978   21387   
88334   40694   
73693   52193   
43929   81569   
93461   22857   
32902   68115   
33517   41862   
85196   91383   
17914   3605    
87108   20075   
84450   28988   
70408   83395   
77191   80154   
37170   35638   
7506    81862   
51754   29792   
11728   22494   
89073   692     
97628   22713   
29563   29646   
82552   7268    
11561   60501   
57848   93300   
78429   63450   
98958   65488   
52951   80978   
16205   111     
19893   13681   
51627   89053   
19458   9834    
97628   22713   
42313   85784   
3487    3859    
33368   53178   
70481   33874   
18842   66746   
77850   81375   
7831    48292   
33517   41862   
23067   17937   
74281   66272   
44868   92248   
57608   83814   
58680   66353   
88334   40694   
75290   11503   
67904   18000   
46934   80191   
34381   66418   
85940   96565   
61845   48054   
1809    63323   
51364   88094   
21760   59920   
72338   23056   
40290   27528   
21474   92305   
39217   58680   
59068   3979    
69067   7940    
28900   15089   
92587   3102    
92708   60240   
11224   13123   
66629   77631   
77906   11997   
93246   92037   
25667   84058   
93753   98353   
16302   91834   
96285   76467   
22385   60532   
19893   13681   
74002   23850   
33954   21583   
97374   40204   
32902   68115   
16784   84780   
38811   87409   
1614    59921   
50771   4179    
13780   96028   
24304   61100   
69350   31995   
40305   89352   
70158   96237   
1614    59921   
69231   39618   
14956   58488   
69477   20146   
87264   94083   
92303   84724   
69067   7940    
40088   33651   
39112   44359   
13754   89656   
4315    76587   
71324   27155   
67246   94038   
69067   7940    
14875   18542   
31499   95059   
86464   33853   
93661   13119   
77906   11997   
75701   85184   
82552   7268    
95920   73906   
85949   63158   
86528   18360   
81375   9681    
41629   81958   
10247   45186   
40305   89352   
99714   19575   
60924   56484   
81409   38190   
35795   42848   
91983   15506   
68047   31683   
4571    14420   
16784   84780   
22385   60532   
8600    96120   
27668   89187   
24694   16138   
51472   56951   
57848   93300   
50828   64669   
37949   10872   
10993   38597   
50903   37691   
25052   641     
28974   26201   
26057   38880   
3448    14175   
2327    99907   
24889   45826   
16116   3139    
47602   94146   
71827   98992   
88539   18807   
93461   22857   
1034    96582   
80869   26416   
69067   7940    
67246   94038   
46758   99503   
30235   94971   
77998   7133    
89619   42415   
56167   60      
54745   90763   
98638   43017   
70301   57693   
2635    14307   
22864   60160   
57802   32236   
63549   21222   
34134   73175   
99083   18489   
10247   45186   
71517   9160    
58495   56794   
17107   40499   
45695   71893   
78770   53761   
21760   59920   
73685   29141   
24694   16138   
13874   13862   
32736   44384   
38566   21753   
37626   62559   
85940   96565   
70340   10974   
57158   31747   
42829   79418   
98022   78864   
66297   79400   
6413    96371   
98459   5535    
66422   72187   
28974   26201   
32798   87497   
48894   34565   
1614    59921   
90536   52481   
83316   1696    
98114   72861   
77906   11997   
54654   17041   
50792   48687   
55134   46039   
22842   87812   
67863   12023   
42527   67064   
21621   928     
94666   53278   
67529   51182   
77906   11997   
50205   78069   
39498   89221   
365     78576   
77850   81375   
26722   39239   
78770   53761   
50903   37691   
34555   15392   
15431   95196   
44868   92248   
60441   40107   
14950   30324   
27499   97804   
30572   47429   
14741   84256   
51824   74946   
40194   4754    
96798   10325   
37238   28845   
3487    3859    
34381   66418   
35795   42848   
17914   3605    
36547   73297   
29339   25128   
40688   81381   
4740    65288   
6876    1988    
74754   42004   
93461   22857   
17254   40496   
60753   22990   
1551    81541   
57848   93300   
2863    66306   
6570    78957   
19335   25605   
27220   22283   
51427   37509   
1614    59921   
55805   38905   
81423   23283   
1551    81541   
71783   78066   
90913   4145    
93461   22857   
16610   7646    
96501   62114   
15978   21387   
58906   22214   
98459   5535    
22385   60532   
13448   19878   
35795   42848   
36297   26698   
25470   33354   
68718   45643   
39960   49320   
94652   44469   
22385   60532   
36297   26698   
85328   73080   
38448   91111   
49179   39444   
267     20964   
27220   22283   
97009   55161   
69067   7940    
32902   68115   
84817   21649   
24888   45144   
82552   7268    
86403   55652   
22385   60532   
91255   26315   
4231    99649   
70301   57693   
67591   68119   
14875   18542   
95553   19913   
62049   90117   
27463   8365    
43494   71649   
18418   66329   
98281   53318   
84450   28988   
7831    48292   
18192   53274   
60553   12619   
22864   60160   
13489   22822   
6379    67088   
91814   22266   
26057   38880   
36639   42446   
64274   37066   
14950   30324   
66710   55727   
56164   96206   
51364   88094   
62639   93145   
46758   99503   
1734    37270   
77906   11997   
86528   18360   
63644   2411    
69067   7940    
89668   42358   
57848   93300   
58165   39609   
70301   57693   
77113   32904   
91255   26315   
74671   90017   
945     93448   
1614    59921   
44136   69744   
7235    62371   
63114   21424   
91084   61574   
31078   34220   
55397   21042   
41932   13557   
54496   93038   
78770   53761   
89278   51566   
68256   76004   
33517   41862   
34381   66418   
96856   36465   
57848   93300   
67591   68119   
78770   53761   
30460   93413   
42829   79418   
95553   19913   
51472   56951   
94888   30465   
68865   61877   
73775   16116   
30257   74177   
90068   20703   
87636   51541   
85341   91299   
61176   57783   
98459   5535    
47336   68664   
24889   45826   
54939   36995   
20452   24144   
27778   9129    
29100   99251   
78704   58024   
50054   96181   
22385   60532   
72170   84794   
1614    59921   
5052    76985   
50624   13096   
38811   87409   
69067   7940    
28827   22785   
46758   99503   
53204   83061   
22864   60160   
7884    39199   
66710   55727   
77850   81375   
38100   78944   
18192   53274   
21972   26979   
98396   28579   
62494   29779   