59646   
21275   
25556   
52581   
12924   
76152   
26099   
70727   
60295   
82806   
92168   
19668   
69253   
68733   
99718   
32186   
45296   
58896   
57142   
53968   
26099   
62711   
50127   
8686    
16938   
62246   
28242   
57460   
12142   
5953    
38082   
52581   
89947   
32391   
23827   
71234   
35646   
92622   
21952   
3585    
68156   
58396   
79449   
5091    
49063   
27193   
41697   
94496   
5310    
67213   
41216   
39966   
34032   
80782   
44205   
35791   
22253   
95485   
79510   
937     
18888   
81324   
24199   
56475   
26099   
10630   
52581   
45722   
95716   
39966   
6792    
56475   
5953    
83605   
43434   
7881    
21952   
84721   
11504   
70955   
44355   
62788   
71149   
12449   
21952   
41733   
91783   
84746   
86311   
40047   
55043   
18742   
25939   
71774   
4192    
18848   
49638   
26268   
33988   
21952   
45722   
35646   
75492   
4647    
47292   
24283   
26085   
88095   
35791   
72042   
28248   
65001   
44205   
35398   
82387   
92168   
61654   
38583   
84563   
30828   
11680   
15724   
3680    
78346   
35398   
45721   
32648   
72112   
35203   
67918   
22194   
45878   
40322   
965     
36393   
43086   
97913   
21948   
20364   
52933   
96887   
8080    
97487   
1533    
38140   
86311   
3198    
69817   
56587   
13627   
80782   
79621   
78346   
27379   
1489    
15724   
49947   
85163   
49212   
62338   
27220   
2067    
84678   
73095   
4508    
22540   
8080    
23827   
8080    
56069   
44205   
4955    
31519   
93973   
15724   
15050   
86695   
77788   
30884   
44205   
12829   
44205   
50555   
64451   
47794   
1900    
99722   
81324   
51693   
4911    
73095   
89255   
97616   
84947   
41899   
51565   
95772   
70632   
49947   
97420   
78346   
95485   
83853   
92360   
86340   
62183   
85239   
38583   
44205   
70727   
39966   
47939   
33988   
78346   
25108   
21464   
5310    
47995   
68098   
72690   
3559    
15437   
21952   
27193   
21952   
64506   
77365   
70988   
70727   
99722   
45062   
21952   
56475   
19028   
75284   
75394   
64526   
40047   
64876   
49779   
34289   
593     
13606   
30994   
68415   
38583   
22075   
48150   
4954    
11122   
44955   
38384   
1091    
14124   
25556   
40155   
96887   
66052   
70727   
866     
85161   
78346   
21952   
88263   
86311   
33900   
10178   
55105   
67795   
78346   
72679   
38583   
35634   
49682   
61915   
97138   
33975   
27193   
97830   
51440   
21561   
41594   
35616   
47520   
41260   
83974   
49682   
23970   
20157   
91136   
47965   
26099   
33975   
12122   
91136   
55389   
7379    
57535   
22485   
8080    
99731   
34238   
51260   
7295    
52886   
35398   
36622   
59774   
49947   
85609   
3765    
13735   
11898   
22253   
95716   
74730   
99897   
10494   
72042   
97405   
83306   
57535   
74193   
70579   
72679   
80782   
18860   
59774   
11680   
86986   
1120    
42102   
32260   
58792   
6926    
27193   
6332    
68503   
44770   
22365   
10482   
72042   
18888   
40047   
99245   
15355   
46371   
61934   
4647    
55274   
11793   
35075   
78539   
20021   
88368   
81879   
54309   
30884   
93857   
35203   
72183   
7691    
4435    
40670   
94767   
95914   
86211   
75917   
48976   
52581   
79621   
71149   
93857   
30834   
72047   
24334   
44205   
95873   
64511   
44955   
50877   
15601   
33312   
41594   
35203   
76357   
24283   
17609   
26099   
21224   
97487   
70728   
72690   
31519   
43756   
71882   
87260   
1533    
44955   
13250   
94689   
88263   
42817   
83711   
86311   
57425   
8080    
3536    
43227   
22805   
85132   
52581   
76418   
61588   
23376   
39262   
54031   
72678   
79621   
51440   
94689   
59442   
44205   
965     
78346   
19754   
15050   
14245   
1032    
27193   
11280   
31353   
32290   
99438   
8080    
23761   
21559   
1489    
54031   
62595   
38189   
3559    
71149   
47939   
26099   
29494   
1032    
3007    
10630   
52581   
86211   
18313   
20641   
34741   
28822   
26099   
3760    
28248   
44205   
42817   
98358   
37742   
40047   
37528   
6563    
37241   
68098   
11352   
44955   
56864   
82373   
26099   
24989   
56322   
12829   
24385   
6285    
22941   
23903   
54271   
62595   
6817    
7869    
15819   
95485   
35617   
74004   
95716   
28822   
32193   
68415   
9787    
22821   
98106   
94336   
24583   
18712   
89855   
21559   
71149   
67082   
28248   
49452   
632     
85239   
97616   
78885   
12829   
65201   
92136   
60527   
57365   
20318   
76418   
89608   
49739   
52581   
58013   
79587   
52581   
88263   
82454   
16725   
52581   
63668   
94767   
68147   
92857   
28248   
26099   
77365   
96193   
73095   
97000   
87342   
195     
11280   
62522   
97405   
54092   
57000   
52023   
27193   
8080    
39738   
651     
57365   
44955   
21653   
81879   
63209   
41798   
39945   
72222   
68503   
29953   
26099   
20481   
5560    
5166    
1371    
95485   
7505    
41096   
87985   
41064   
63753   
38140   
18712   
31027   
73475   
64756   
4435    
25939   
84223   
73095   
9275    
71149   
92168   
8080    
19633   
71149   
44244   
28248   
34315   
33988   
79969   
27785   
95716   
53075   
18860   
77365   
35791   
43744   
26099   
97487   
73095   
52656   
32483   
71234   
40405   
91140   
26099   
10630   
8424    
77365   
78539   
10413   
26099   
92168   
30289   
78346   
39966   
96887   
70955   
22322   
30067   
41594   
5007    
65073   
78539   
20862   
5087    
34611   
68098   
88451   
18671   
93738   
81879   
52581   
41175   
58656   
92136   
74056   
26099   
39516   
80782   
41385   
2067    
72042   
55389   
72042   
52581   
24989   
78346   
9472    
1623    
36627   
8080    
84254   
78346   
86311   
46834   
92051   
77365   
76539   
51260   
92136   
932     
36859   
96980   
62522   
10152   
65405   
49682   
88744   
86311   
1411    
39028   
52581   
28248   
66043   
71774   
45958   
56237   
7625    
94496   
26099   
86311   
20426   
96409   
12829   
94334   
651     
7881    
54500   
39029   
90883   
54320   
8723    
15202   
24634   
49739   
42817   
11122   
71149   
95485   
36193   
52023   
76814   
26099   
47995   
87364   
5166    
80782   
56176   
65447   
58154   
79827   
26099   
21952   
57175   
88095   
74693   
67170   
78346   
2143    
91412   
84984   
72042   
17859   
45543   
10403   
88465   
49091   
99722   
65550   
98815   
99396   
66812   
13899   
29513   
44608   
7881    
72723   
2767    
94767   
7558    
52940   
34358   
84499   
82806   
8686    
88263   
21076   
20641   
74056   
97487   
30207   
24989   
75755   
97949   
29119   
91698   
8080    
56794   
72447   
35646   
2067    
9136    
83680   
30933   
85364   
17135   
44205   
67407   
99760   
26099   
195     
84343   
35398   
62522   
96887   
77365   
21773   
84167   
72042   
31353   
44205   
23970   
41499   
39966   
91783   
96584   
77365   
36466   
34176   
47939   
62171   
98770   
27914   
43754   
43086   
52581   
1091    
63977   
88465   
75188   
42777   
5310    
56431   
27532   
62246   
31346   
27955   
67850   
95485   
77984   
15724   
52581   
12489   
6513    
61915   
20475   
68098   
52872   
98511   
70600   
96980   
99030   
15724   
25780   
74126   
31127   
98511   
26099   
95873   
41594   
12716   
1638    
87970   
49074   
87260   
36193   
28248   
21958   
96780   
26099   
10901   
64511   
21952   
53938   
68415   
95716   
98106   
33231   
77892   
44205   
92168   
99308   
57535   
88095   
21118   
62171   
22253   
26099   
38189   
95716   
5953    
34741   
66812   
27606   
52872   
77984   
10636   
41798   
95716   
58792   
95744   
49947   
20059   
60002   
52023   
26099   
632     
3559    
41216   
90330   
81324   
26099   
22253   
64515   
632     
17138   
6929    
94767   
395     
3536    
38189   
84893   
30884   
30207   
69834   
3559    
44205   
6102    
49947   
91136   
11675   
93281   
23219   
68072   
28248   
9750    
48295   
12122   
46272   
70727   
8080    
21952   
9257    
33975   
37831   
1337    
50028   
68415   
65485   
47939   
69304   
55227   
12048   
49947   
62171   
23607   
29591   
72042   
70727   
58174   
75726   
7505    
3275    
71593   
26099   
70546   
96980   
67768   
21952   
23970   
5740    
95716   
42799   
2769    
80047   
68415   
50028   
78346   
29610   
51440   
77864   
44205   
63209   
15724   
95485   
68072   
62171   
33045   
21574   
60387   
15724   
26099   
91140   
9031    
30289   
76814   
44205   
17329   
54121   
67194   
36709   
41216   
48879   
93783   
44770   
19028   
64424   
15355   
95873   
72042   
26099   
2769    
4071    
21938   
65842   
70955   
91112   
27193   
44205   
72042   
3210    
61934   
18888   
33045   
34358   
56163   
30933   
29591   
99396   
79747   
77365   
11898   